"species","x","y","tmean11","ppt11","vpdmin11","tdmean11"
"species",1,1,12.6256666183472,901.739990234375,1.41000008583069,5.14900016784668
"species",2,2,13.658374786377,1132.40002441406,1.0660001039505,6.88200044631958
"species",3,3,12.5414581298828,1059.13000488281,0.970000028610229,6.12200021743774
"species",4,4,12.9058752059937,1125.67004394531,1.08900010585785,6.10200023651123
"species",5,5,13.2029581069946,1220.83996582031,0.889000058174133,6.71900033950806
"species",6,6,17.384708404541,867.150024414062,2.75800013542175,7.57200050354004
"species",7,7,15.6740417480469,974.399963378906,2.01900005340576,7.48400020599365
"species",8,8,21.0643329620361,503.589996337891,1.68600010871887,11.452000617981
"species",9,9,21.2542495727539,440.369995117188,1.90900003910065,11.1840009689331
"species",10,10,20.9146671295166,428.47998046875,2.66900014877319,10.1680002212524
