"species","x","y","tmean11","ppt11","vpdmin11","tdmean11"
"species",1,1,14.1849164962769,1401.67004394531,1.54900002479553,6.11400032043457
"species",2,2,16.3460426330566,1260.19006347656,1.27400004863739,8.47900009155273
"species",3,3,17.5495834350586,1060.76000976562,1.28200006484985,9.1540002822876
"species",4,4,16.7106666564941,1148.16003417969,1.69600009918213,8.43000030517578
"species",5,5,21.7148323059082,385.339996337891,1.00600004196167,15.859001159668
"species",6,6,20.970832824707,541.960021972656,2.16400003433228,11.2880001068115
"species",7,7,20.7493343353271,542.130004882812,2.13800001144409,11.0480003356934
"species",8,8,21.3970413208008,517.169982910156,2.3289999961853,11.6050004959106
"species",9,9,21.9950828552246,432.079986572266,1.48200011253357,15.5290002822876
"species",10,10,20.8053321838379,528.690002441406,2.13700008392334,11.1040000915527
"species",11,11,19.6434993743896,1018.59997558594,1.86500012874603,11.1030006408691
