"species","x","y","tmean9","ppt9","vpdmax9"
"species",1,1,11.8245420455933,902.807983398438,13.0910005569458
"species",2,2,12.6135835647583,1188.89904785156,13.3640003204346
"species",3,3,11.7943754196167,1184.08203125,12.9950008392334
"species",4,4,11.9813327789307,1159.89697265625,13.4540004730225
"species",5,5,12.0570001602173,1176.6689453125,12.6920003890991
"species",6,6,15.9026250839233,1097.21704101562,17.4160003662109
"species",7,7,15.1312503814697,1097.51293945312,16.355001449585
"species",8,8,19.5982913970947,1241.32397460938,20.068000793457
"species",9,9,20.4858341217041,1040.23803710938,22.9740009307861
"species",10,10,19.4206256866455,896.508972167969,21.6480007171631
