"species","x","y","tmean11","ppt11","vpdmin11","tdmean11"
"species",1,1,12.1174583435059,897.690002441406,1.4300000667572,4.14000034332275
"species",2,2,17.5100002288818,433.339996337891,4.85200023651123,4.88500022888184
"species",3,3,20.933708190918,328.760009765625,3.26300024986267,9.4950008392334
"species",4,4,20.8757076263428,463.989990234375,2.48100018501282,10.2520008087158
"species",5,5,19.584041595459,657.589965820312,4.64600038528442,8.47399997711182
"species",6,6,19.6909999847412,302.639984130859,2.73900008201599,8.20100021362305
"species",7,7,21.2542495727539,440.369995117188,1.90900003910065,11.1840009689331
"species",8,8,20.0792083740234,660.530029296875,5.27300024032593,8.55500030517578
"species",9,9,21.3588752746582,463.429992675781,2.99700021743774,10.5660009384155
