"species","x","y","tmean11","ppt11","vpdmin11","tdmean11"
"species",1,1,12.6256666183472,901.739990234375,1.41000008583069,5.14900016784668
"species",2,2,13.658374786377,1132.40002441406,1.0660001039505,6.88200044631958
"species",3,3,12.5414581298828,1059.13000488281,0.970000028610229,6.12200021743774
"species",4,4,12.9058752059937,1125.67004394531,1.08900010585785,6.10200023651123
"species",5,5,13.2029581069946,1220.83996582031,0.889000058174133,6.71900033950806
"species",6,6,17.384708404541,867.150024414062,2.75800013542175,7.57200050354004
"species",7,7,15.6740417480469,974.399963378906,2.01900005340576,7.48400020599365
"species",8,8,21.0643329620361,503.589996337891,1.68600010871887,11.452000617981
"species",9,9,21.2542495727539,440.369995117188,1.90900003910065,11.1840009689331
"species",10,10,20.9146671295166,428.47998046875,2.66900014877319,10.1680002212524
"species",11,11,22.0637912750244,383.350006103516,2.43500018119812,11.4340009689331
"species",12,12,12.1174583435059,897.690002441406,1.4300000667572,4.14000034332275
"species",13,13,17.5100002288818,433.339996337891,4.85200023651123,4.88500022888184
"species",14,14,20.933708190918,328.760009765625,3.26300024986267,9.4950008392334
"species",15,15,20.8757076263428,463.989990234375,2.48100018501282,10.2520008087158
"species",16,16,19.584041595459,657.589965820312,4.64600038528442,8.47399997711182
"species",17,17,19.6909999847412,302.639984130859,2.73900008201599,8.20100021362305
"species",18,18,20.0792083740234,660.530029296875,5.27300024032593,8.55500030517578
"species",19,19,21.3588752746582,463.429992675781,2.99700021743774,10.5660009384155
"species",20,20,19.929500579834,581.440002441406,3.51400017738342,8.97399997711182
"species",21,21,20.0209159851074,795.109985351562,5.31800031661987,8.76500034332275
"species",22,22,12.1852502822876,866.080017089844,1.43900001049042,4.08599996566772
"species",23,23,13.3359994888306,1248.68994140625,0.822000026702881,6.83500051498413
"species",24,24,14.1849164962769,1401.67004394531,1.54900002479553,6.11400032043457
"species",25,25,16.3460426330566,1260.19006347656,1.27400004863739,8.47900009155273
"species",26,26,17.5495834350586,1060.76000976562,1.28200006484985,9.1540002822876
"species",27,27,16.7106666564941,1148.16003417969,1.69600009918213,8.43000030517578
"species",28,28,21.7148323059082,385.339996337891,1.00600004196167,15.859001159668
"species",29,29,20.970832824707,541.960021972656,2.16400003433228,11.2880001068115
"species",30,30,20.7493343353271,542.130004882812,2.13800001144409,11.0480003356934
"species",31,31,21.3970413208008,517.169982910156,2.3289999961853,11.6050004959106
"species",32,32,21.9950828552246,432.079986572266,1.48200011253357,15.5290002822876
"species",33,33,20.8053321838379,528.690002441406,2.13700008392334,11.1040000915527
"species",34,34,19.6434993743896,1018.59997558594,1.86500012874603,11.1030006408691
