"species","x","y","tmean9","ppt9","vpdmax9"
"species",1,1,13.6334581375122,1227.51599121094,16.5500011444092
"species",2,2,15.3882913589478,1329.79797363281,17.2910003662109
"species",3,3,16.8895416259766,1136.56701660156,18.5729999542236
"species",4,4,15.8421669006348,1283.32104492188,16.6020011901855
"species",5,5,21.6242084503174,1183.99499511719,14.7240009307861
"species",6,6,19.577751159668,1172.31103515625,19.3000011444092
"species",7,7,19.6587085723877,1079.96606445312,19.9420013427734
"species",8,8,19.6987075805664,1251.67700195312,19.0950012207031
"species",9,9,21.5167922973633,1225.48999023438,15.3450002670288
"species",10,10,19.6466255187988,1102.40307617188,19.8150005340576
"species",11,11,18.295373916626,1336.93395996094,17.6800003051758
