"species","x","y","tmean9","ppt9","vpdmax9"
"species",1,1,11.8245420455933,902.807983398438,13.0910005569458
"species",2,2,12.6135835647583,1188.89904785156,13.3640003204346
"species",3,3,11.7943754196167,1184.08203125,12.9950008392334
"species",4,4,11.9813327789307,1159.89697265625,13.4540004730225
"species",5,5,12.0570001602173,1176.6689453125,12.6920003890991
"species",6,6,15.9026250839233,1097.21704101562,17.4160003662109
"species",7,7,15.1312503814697,1097.51293945312,16.355001449585
"species",8,8,19.5982913970947,1241.32397460938,20.068000793457
"species",9,9,20.4858341217041,1040.23803710938,22.9740009307861
"species",10,10,19.4206256866455,896.508972167969,21.6480007171631
"species",11,11,20.5795001983643,804.482971191406,23.0260009765625
"species",12,12,11.2462501525879,729.408996582031,14.0350008010864
"species",13,13,15.1316661834717,776.9990234375,19.3819999694824
"species",14,14,19.4059581756592,741.581970214844,23.3200016021729
"species",15,15,19.6547908782959,906.385009765625,22.1350002288818
"species",16,16,18.2277507781982,798.390014648438,21.4140014648438
"species",17,17,18.5254592895508,596.410034179688,21.3650016784668
"species",18,18,18.7310009002686,738.5009765625,21.7740001678467
"species",19,19,19.6157073974609,925.158996582031,21.2700004577637
"species",20,20,18.7387924194336,789.538024902344,21.3200016021729
"species",21,21,18.1924591064453,799.817016601562,19.0750007629395
"species",22,22,11.3163747787476,723.47900390625,14.2880010604858
"species",23,23,12.1641254425049,1194.11499023438,12.8120002746582
"species",24,24,13.6334581375122,1227.51599121094,16.5500011444092
"species",25,25,15.3882913589478,1329.79797363281,17.2910003662109
"species",26,26,16.8895416259766,1136.56701660156,18.5729999542236
"species",27,27,15.8421669006348,1283.32104492188,16.6020011901855
"species",28,28,21.6242084503174,1183.99499511719,14.7240009307861
"species",29,29,19.577751159668,1172.31103515625,19.3000011444092
"species",30,30,19.6587085723877,1079.96606445312,19.9420013427734
"species",31,31,19.6987075805664,1251.67700195312,19.0950012207031
"species",32,32,21.5167922973633,1225.48999023438,15.3450002670288
"species",33,33,19.6466255187988,1102.40307617188,19.8150005340576
"species",34,34,18.295373916626,1336.93395996094,17.6800003051758
